2 0 0.2011 0.6343099999999999 0.2011 0.6343099999999999 0.1465533328125 0 0.1465533328125 0 0.2011
2 0.8324999999999999 0.1633333328125 0.47125000000000006 0.1633333328125 0.47125000000000006 0.43333333281249997 0.8324999999999999 0.43333333281249997 0.8324999999999999 0.1633333328125
2 0.9962500000000001 0.3166666671875 0.5962500000000001 0.3166666671875 0.5962500000000001 0.6283333328125 0.9962500000000001 0.6283333328125 0.9962500000000001 0.3166666671875
2 0.9862500000000001 0.6316666671875 0.8275 0.6316666671875 0.8275 0.7283333328125 0.9862500000000001 0.7283333328125 0.9862500000000001 0.6316666671875
2 0.5725 0.43333333281249997 0.20875 0.43333333281249997 0.20875 0.6416666671875 0.5725 0.6416666671875 0.5725 0.43333333281249997
2 0.44625000000000004 0.5416666671875 0.24500000000000002 0.5416666671875 0.24500000000000002 0.7066666671874999 0.44625000000000004 0.7066666671874999 0.44625000000000004 0.5416666671875
2 0.44125 0.6933333328125 0.25 0.6933333328125 0.25 0.76 0.44125 0.76 0.44125 0.6933333328125
2 0.515 0.765 0.24874999999999997 0.765 0.24874999999999997 0.82 0.515 0.82 0.515 0.765
2 0.27999999999999997 0.7733333328125 0.0125 0.7733333328125 0.0125 0.8099999999999999 0.27999999999999997 0.8099999999999999 0.27999999999999997 0.7733333328125
2 0.24500000000000002 0.6233333328125 0.021249999999999998 0.6233333328125 0.021249999999999998 0.7933333328125001 0.24500000000000002 0.7933333328125001 0.24500000000000002 0.6233333328125
2 0.21375000000000002 0.44333333281250004 0.00375 0.44333333281250004 0.00375 0.6516666671875 0.21375000000000002 0.6516666671875 0.21375000000000002 0.44333333281250004
2 0.42374999999999996 0.4183333328125 0.17375000000000002 0.4183333328125 0.17375000000000002 0.6333333328124999 0.42374999999999996 0.6333333328124999 0.42374999999999996 0.4183333328125
2 0.21375000000000002 0.1433333328125 0.1825 0.1433333328125 0.1825 0.445 0.21375000000000002 0.445 0.21375000000000002 0.1433333328125
2 0.605 0.1516666671875 0.008749999999999999 0.1516666671875 0.008749999999999999 0.3516666671875 0.605 0.3516666671875 0.605 0.1516666671875
2 0.64125 0.325 0.5425 0.325 0.5425 0.3933333328125 0.64125 0.3933333328125 0.64125 0.325
2 0.53125 0.6183333328125 0.3975 0.6183333328125 0.3975 0.7566666671875 0.53125 0.7566666671875 0.53125 0.6183333328125